1 2 M 2.68 2.76 2.5 2.3 2.14 2.4 2.33 2.2
2 2 M 3.95 3.36 2.93 2.53 3.04 3.37 3.14 2.62
3 2 M 2.28 2.34 2.29 2.43 2.06 2.18 2.28 2.29
4 2 M 4.08 3.87 3.79 3.3 3.8 3.24 2.98 2.91
5 2 M 4.09 3.9 3.54 3.35 3.15 3.23 3.46 3.27
6 2 M 3.79 3.97 3.78 3.69 3.31 2.83 2.72 3
7 2 M 3.82 3.44 3.46 3.02 2.98 3.1 2.79 2.88
8 2 M 3.67 3.47 3.19 2.19 2.85 2.68 2.6 2.73
9 2 M 4.12 3.71 3.57 3.49 3.64 3.38 2.28 3.72
10 2 M 2.77 2.77 2.75 2.75 2.71 2.75 2.52 2.6
11 2 M 3.77 3.73 3.67 3.56 3.59 3.35 3.32 3.18
12 2 M 2 1.91 1.88 2.09 2.08 1.98 1.7 1.4
13 2 F 3.36 3.42 3.28 3.3 3.31 2.99 3.01 3.08
14 2 F 4.31 4.02 3.38 3.31 3.46 3.49 3.38 3.35
15 2 F 3.88 3.92 3.71 3.59 3.57 3.48 3.42 3.63
16 2 F 1.97 1.9 1.45 1.45 1.24 1.24 1.17 1.27
17 2 F 2.91 2.99 2.87 2.88 2.84 2.67 2.69 2.77
18 2 F 3.59 3.54 3.17 2.92 3.48 3.05 3.27 2.96
19 2 F 2.88 3.06 2.75 2.71 2.83 2.58 2.68 2.42
20 2 F 4.04 3.94 3.84 3.99 3.9 3.89 3.89 2.98
21 2 F 3.38 3.42 3.28 2.94 2.96 3.12 2.98 2.99
22 2 F 4.49 4.35 4.38 4.36 3.77 4.23 3.83 3.89
23 2 F 4.17 4.3 4.16 4.07 3.87 3.87 3.85 3.82
24 2 F 3.73 3.51 3.16 3.26 3.07 2.77 2.92 3
1 3 M 3.41 3.48 3.41 3.49 3.33 3.2 3.07 3.15
2 3 M 3.92 4.02 4.04 3.64 3.29 3.1 2.7 2.69
3 3 M 2.52 2.44 2.27 2.23 2.01 2.26 2.34 2.44
4 3 M 4.43 4.3 4.08 4.01 3.62 3.23 2.46 2.97
5 3 M 4.55 4.58 4.44 4.04 4.33 3.87 3.75 3.81
6 3 M 4.25 4.37 4.1 4.2 3.84 3.43 3.79 3.74
7 3 M 3 2.8 2.59 2.42 1.61 1.83 1.21 1.5
8 3 M 4.06 3.98 4.06 3.93 3.61 2.91 2.07 2.67
9 3 M 4.37 4.06 3.68 3.64 3.17 3.37 3.2 3.25
10 3 M 2.83 2.79 2.82 2.79 2.8 2.76 2.64 2.69
11 3 M 4.06 3.68 3.59 3.27 2.6 2.72 2.22 2.68
12 3 M 2.82 1.9 2.57 2.3 1.67 1.9 2.07 1.76
13 3 F 3.18 3.13 3.11 2.97 3.06 3.27 3.24 3.33
14 3 F 4.39 4.63 4.19 4 4.01 3.66 3.47 3.22
15 3 F 3.9 3.98 4.09 4.03 4.07 3.56 3.83 3.75
16 3 F 2.31 2.19 2.21 2.09 1.75 1.72 1.8 1.36
17 3 F 3.19 3.18 3.15 3.14 3.08 2.96 2.97 2.85
18 3 F 3.54 3.45 3.25 3.01 3.07 2.65 2.47 2.55
19 3 F 2.99 3.02 3.02 2.94 2.69 2.66 2.68 2.7
20 3 F 4.37 4.2 4.17 4.19 4.07 3.86 3.89 3.89
21 3 F 3.26 3.39 3.27 3.2 3.32 3.09 3.25 3.15
22 3 F 4.72 4.97 4.99 4.96 4.95 4.82 4.56 4.49
23 3 F 4.27 4.5 4.34 4 4.11 3.93 3.68 3.77
24 3 F 4.1 3.85 4.27 4.01 3.78 3.14 3.94 3.69
1 4 M 2.36 2.36 2.28 2.35 2.31 2.62 2.12 2.42
2 4 M 3.03 3.02 3.19 2.98 3.01 2.75 2.7 2.84
3 4 M 1.99 1.62 1.65 1.68 1.65 1.85 1.96 1.3
4 4 M 3.24 3.37 3.54 3.31 2.81 3.58 3.76 3.05
5 4 M 3.35 3.92 3.69 3.97 3.94 3.63 2.92 3.31
6 4 M 3.04 3.28 3.17 2.99 3.31 3.21 2.98 2.82
7 4 M 2.46 3.22 2.65 3.02 2.25 1.5 2.37 1.94
8 4 M 2.85 2.81 2.96 2.69 2.18 1.91 2.21 1.71
9 4 M 3.45 3.48 3.8 3.6 2.83 3.17 3.22 3.13
10 4 M 2.56 2.52 2.67 2.6 2.68 2.64 2.65 2.61
11 4 M 2.19 2.44 2.41 2.55 2.93 3.08 3.11 3.06
12 4 M 2.14 1.92 1.75 1.58 1.51 1.94 1.84 1.76
13 4 F 2.57 3.08 2.62 2.91 2.71 2.39 2.42 2.73
14 4 F 2.9 2.8 3.17 2.39 3.01 3.33 2.75 3.14
15 4 F 3.02 3.21 3.17 3.13 3.38 3.25 3.29 3.35
16 4 F 1.35 1.15 1.24 1.32 0.95 1.24 1.04 1.16
17 4 F 2.61 2.59 2.77 2.73 2.7 2.72 2.71 2.75
18 4 F 2.91 2.89 3.01 2.74 2.71 2.86 2.95 2.66
19 4 F 2.78 2.89 2.77 2.77 2.69 2.65 2.84 2.8
20 4 F 3.81 3.77 3.78 3.9 3.8 3.78 3.7 3.61
21 4 F 3.06 2.95 3.07 3.1 2.67 2.68 2.94 2.89
22 4 F 2.87 3.08 3.02 2.14 3.67 3.84 3.55 3.75
23 4 F 3.98 3.77 3.65 3.81 3.77 3.89 3.63 3.74
24 4 F 3.04 3 3.24 3.37 2.69 2.89 2.89 2.76
